$ 1 0.000005 10.20027730826997 50 5 43 5e-11
z 96 272 96 176 2 1N5711
z 96 128 96 32 2 1N5711
w 96 128 96 144 0
w 96 144 96 176 0
g 96 272 96 320 0 0
R 96 32 96 0 0 0 40 5 0 0 0.5
w 96 176 16 176 0
v -160 176 -64 176 0 1 40 12 0 0 0.5
g -160 176 -208 176 0 0
r -64 176 16 176 0 250
w 96 176 208 176 0
r 208 176 208 256 0 1100
r 208 256 208 352 0 2200
g 208 352 208 400 0 0
w 208 256 304 256 0
x 124 80 189 83 4 14 Vf\s\q\s0.41V
x 8 224 73 227 4 14 Vf\s\q\s0.41V
x 647 115 712 118 4 14 Vf\s\q\s0.41V
x 652 80 717 83 4 14 Vf\s\q\s0.41V
g 496 272 496 320 0 0
r 496 176 496 272 0 2200
r 496 80 496 160 0 1200
w 624 176 736 176 0
r 544 176 624 176 0 250
g 320 80 272 80 0 0
v 320 80 416 80 0 1 40 12 2.5 0 0.5
R 624 32 624 0 0 0 40 3.3 0 0 0.5
g 624 272 624 320 0 0
w 624 144 624 176 0
w 624 128 624 144 0
z 624 128 624 32 2 1N5711
z 624 272 624 176 2 1N5711
w 528 176 496 176 0
w 496 176 496 160 0
w 736 176 784 176 0
x -137 369 130 372 4 10 Performance\swith\sBAT54\swill\svary,\sbecause\sof\slow\sVf\svoltage
w 544 176 528 176 0
w 496 80 416 80 0
o 7 64 0 4099 20 0.05 0 2 7 3
o 14 64 0 4099 5 0.00009765625 1 2 14 3
o 34 64 0 4099 10 0.00009765625 2 2 34 3
